/n[[ 1.16770582 -0.95156225  0.813218    0.77617496  0.98938022  0.71401272
   0.76883276  0.99904975  0.16261355  0.27851479] 
 [-2.51486376  2.89850361  0.73442122  0.59224611  0.34174035  0.55089722
   0.37551872  0.76193901  0.50681484  0.56160458]
 [-0.17543068  2.41212626  0.7968763   0.70142826  0.84395534  1.72270099
   0.26588967  0.28510579  0.44023192  0.72477916]
 [ 2.69301756 -1.5760767   0.57224226  0.68161838  0.40245582  0.51891346
   0.38451551  0.56029947  0.50827185  0.69877468]
 [-1.7916571   0.1243354   0.81857243  0.57119104  0.47403578  1.79085277
  -0.04406207  0.69159822  0.78680707  0.37965032]
 [ 0.39280529  0.70171171  0.92598809  0.62530392  0.76733005 -1.09343582
   0.71181793  0.55348121  0.68548234  0.62995232]
 [-0.58686954 -0.52606717  0.09507592  0.80541814  0.72801546 -1.16283105
   0.43447491  0.49640795  0.7534267   0.86016393]
 [ 1.15666652 -0.40004018  0.65744417  0.75236625  0.35310281  0.02603975
   0.31992795  0.91608907  0.48331121  0.98969575]
 [ 0.59165655  1.86147533  1.03968981  0.25405236  0.67358365  0.50930151
   0.61717991  0.35342371  0.58515974  0.06957615]
 [ 0.18286402 -0.52986036  0.40069274  0.6624504   0.41875476  3.23487031
   0.4319897   0.79156694  0.74261743  0.17128574]
 [-0.14282455 -0.27459301  0.08132373  1.00802604  0.08176235 -0.43970089
   0.98122468  0.61992584  0.95022035  0.11930964]
 [ 1.72304569  0.68623963  0.49234144  0.43183288  0.54781271 -0.9997892
   0.82785517  0.32113547  0.57092691  0.14972251]
 [-0.28565801 -0.48123523  1.00422738  0.96852874  0.64157176 -0.52053038
   0.75514859  0.82055637  0.85225052  0.27918872]
 [-0.08650217 -0.4551645   0.28604553  0.25177761  0.75430153 -0.71119736
   0.12271127  0.16895893  0.58134141  0.53878324]
 [-0.02149345  0.36059649  0.53532588  0.21198405  0.84433124  0.43522124
   0.60075405  0.22812188  0.49857691  0.75190418]
 [ 0.97592969  0.72172686  0.21519095  0.53401716  0.8707073   0.21963231
   0.34522797  0.69839331  0.59674647  0.04350677]]